1699512941
1699513520
1699521696
1699533289
1699534806
1699540684
1699543680
1699580546
1699602775
1699605309
1699620863
1699654645
1699665734
1699777161
1699785573
1699810182
1699934327
1700037034
1700061415
1700111757
1700115810
1700196056
1700213137
1700317436
1700399583
1700449085
1700492898
1700535767
1700573148
1700576110
1700706388
1700706585
1700719333
1700725286
1700735463
1700760073
1700787122
1700800174
1700837808
1700902923
1700917983
1700926050
1700971768
1701008986
1701055476
1701271803
1701310587
1701351142
1701837806
1701842685
1702547614
1703856625
